1476247 0.0
 292003 1.0
 252046 2.0
  88600 2.06
  87328 1.5
  87039 1.96
  86383 2.16
  83557 2.26
  83280 1.86
  80713 2.36
  77592 3.0
  76888 2.46
  74889 1.76
  72170 2.56
  68341 2.66
  62579 2.76
  58552 2.86
  56499 2.45
  53214 2.96
  49195 5.0
  48617 3.06
  44100 3.16
  41332 2.05
  40472 2.95
  40231 3.26
  38106 1.85
  38079 2.15
  36654 2.25
  36288 3.36
  35541 1.95
  35418 1.75
  34958 2.55
  33245 2.2
  33237 3.46
  32737 2.35
  31762 1.7
  31658 2.75
  31635 12.28
  31575 1.2
  31445 4.0
  30463 3.56
  28636 3.05
  28259 3.45
  28224 3.66
  27977 2.5
  27507 2.65
  27212 2.7
  25551 3.76
  25024 3.2
  23938 2.85
  23390 3.86
  21332 3.96
  21163 3.95
  19826 10.0
  19663 4.06
  18052 3.35
  17992 4.16
  17829 3.15
  17064 3.25
  16698 4.26
  16671 3.55
  15465 4.36
  15409 2.3
  14760 3.7
  14636 2.58
  14229 2.08
  14204 3.65
  14181 4.46
  13808 2.82
  13114 4.56
  13082 3.08
  12914 4.45
  12755 1.4
  12147 2.32
  12064 4.66
  11612 12.25
  11229 1.47
  11170 4.76
  11080 3.5
  10991 1.62
  10903 3.75
  10809 4.05
  10790 6.0
  10454 4.86
  10291 1.77
  10086 3.58
   9994 1.32
   9786 4.2
   9737 3.85
   9660 4.96
   9449 4.95
   9306 1.92
   9059 3.32
   9047 5.06
   8991 4.55
   8801 4.25
   8667 4.7
   8402 8.0
   8303 11.06
   8225 5.16
   8004 1.54
   7844 1.25
   7827 1.08
   7613 2.07
   7550 2.8
   7537 4.15
   7521 5.26
   7521 2.22
   7270 5.45
   7142 2.6
   7129 7.0
   6869 1.84
   6815 5.36
   6750 3.8
   6696 4.08
   6656 13.18
   6533 5.46
   6433 2.94
   6399 4.35
   6399 3.82
   6348 3.09
   6235 2.79
   6073 3.24
   6065 1.18
   5949 0.98
   5901 3.39
   5847 1.03
   5828 5.56
   5805 0.93
   5769 2.64
   5757 2.9
   5617 4.85
   5560 1.13
   5535 1.8
   5513 3.54
   5486 0.7
   5349 3.3
   5331 2.37
   5287 5.66
   5239 15.36
   5187 5.05
   5171 1.23
   5149 5.2
   5135 4.65
   4983 1.28
   4967 5.76
   4963 2.49
   4918 3.69
   4914 1.58
   4890 4.58
   4810 4.32
   4772 5.95
   4753 2.14
   4752 4.75
   4641 2.52
   4637 3.84
   4501 5.86
   4487 0.5
   4437 1.33
   4406 5.15
   4387 2.34
   4362 3.99
   4359 1.55
   4143 5.96
   4072 1.38
   4051 5.55
   4005 5.08
   3874 1.48
   3805 5.7
   3785 6.06
   3783 1.43
   3779 4.14
   3672 2.33
   3558 2.67
   3538 11.78
   3523 4.29
   3438 11.05
   3431 6.45
   3422 2.44
   3417 4.44
   3374 6.16
   3372 4.82
   3349 6.2
   3313 15.35
   3294 1.53
   3161 6.26
   3132 6.95
   3101 5.25
   3093 0.01
   3059 4.59
   3010 6.05
   2933 2.83
   2927 5.35
   2918 5.58
   2915 6.36
   2791 5.75
   2752 4.74
   2603 3.33
   2595 1.1
   2543 1.3
   2508 6.46
   2495 4.1
   2494 1.63
   2490 7.58
   2483 7.08
   2472 13.15
   2469 15.0
   2460 6.08
   2457 8.08
   2397 6.56
   2395 6.66
   2374 4.89
   2370 1.78
   2353 5.32
   2353 2.97
   2351 6.58
   2339 4.3
   2326 1.68
   2322 1.73
   2318 7.45
   2283 5.65
   2258 5.04
   2246 8.58
   2219 2.74
   2215 9.0
   2198 5.3
   2195 1.88
   2193 1.6
   2117 12.0
   2114 6.76
   2105 4.5
   2087 1.11
   2056 5.19
   2056 2.03
   2052 4.4
   2034 6.7
   1991 3.12
   1979 6.86
   1968 8.48
   1956 6.35
   1943 7.95
   1932 4.8
   1914 5.85
   1900 7.98
   1894 13.82
   1888 5.82
   1886 6.55
   1874 5.49
   1858 5.34
   1842 8.18
   1837 8.28
   1832 6.96
   1807 7.88
   1801 6.65
   1769 9.21
   1761 7.55
   1740 8.38
   1708 7.68
   1691 7.48
   1682 8.98
   1676 1.83
   1652 7.06
   1646 9.08
   1644 7.78
   1638 3.27
   1626 3.83
   1613 7.05
   1612 5.64
   1600 20.0
   1599 8.68
   1573 8.45
   1570 8.78
   1565 7.38
   1564 3.04
   1544 7.16
   1533 7.28
   1515 6.25
   1511 7.25
   1507 8.15
   1503 0.2
   1501 6.15
   1499 7.26
   1491 18.43
   1491 11.96
   1485 7.2
   1472 8.88
   1471 7.7
   1452 5.79
   1431 3.42
   1427 7.36
   1409 16.48
   1408 7.18
   1402 5.94
   1392 9.48
   1383 7.85
   1383 1.93
   1355 0.75
   1331 6.85
   1330 6.98
   1321 9.58
   1303 8.05
   1289 6.32
   1287 1.98
   1281 5.5
   1280 11.75
   1277 5.8
   1273 0.1
   1272 6.75
   1266 7.46
   1236 6.5
   1236 6.09
   1225 9.98
   1224 8.95
   1216 9.18
   1214 2.48
   1213 7.35
   1209 7.15
   1208 7.56
   1169 7.75
   1163 6.88
   1156 9.28
   1155 3.57
   1144 6.24
   1141 0.8
   1128 2.18
   1115 9.38
   1115 0.02
   1111 7.86
   1110 1.67
   1101 7.65
   1100 3.34
   1092 4.33
   1089 10.48
   1085 9.05
   1084 7.66
   1077 6.78
   1069 11.0
   1065 10.08
   1063 8.85
   1060 8.35
   1059 8.25
   1054 8.55
   1050 8.65
   1044 6.39
   1019 9.45
   1015 7.76
   1005 6.82
    987 8.36
    985 8.75
    984 1.9
    981 6.8
    978 6.68
    976 1.94
    974 2.12
    971 3.72
    964 6.14
    958 2.13
    940 6.54
    939 2.21
    937 8.3
    931 9.95
    931 6.69
    925 8.06
    915 2.28
    914 9.88
    914 9.35
    913 0.08
    908 9.68
    902 8.86
    896 6.84
    892 7.96
    884 11.95
    880 9.78
    875 8.16
    874 5.6
    853 4.83
    846 8.26
    846 10.1
    845 9.36
    845 7.5
    842 9.15
    841 2.38
    827 2.23
    824 3.87
    800 13.8
    800 10.56
    798 10.98
    794 10.18
    789 3.64
    787 6.99
    786 8.56
    770 12.68
    766 1.24
    758 9.85
    758 14.73
    742 9.25
    739 7.14
    734 6.48
    732 5.9
    722 9.86
    720 10.58
    716 2.43
    715 8.66
    713 2.93
    712 8.46
    706 13.16
    705 9.16
    700 1.66
    691 7.32
    688 10.36
    687 13.06
    683 9.06
    682 10.28
    680 2.39
    674 2.88
    673 10.6
    671 2.57
    669 9.55
    669 8.2
    668 4.02
    662 10.45
    660 9.65
    659 1.12
    656 6.3
    653 8.96
    649 1.36
    639 16.45
    634 0.05
    632 7.44
    624 10.38
    619 7.29
    611 9.2
    609 8.76
    609 0.52
    604 2.4
    604 11.08
    603 5.33
    601 8.7
    599 7.59
    591 0.49
    585 10.86
    582 9.6
    582 6.38
    579 0.54
    575 10.35
    573 0.9
    568 1.42
    567 13.0
    562 10.55
    560 11.48
    556 4.17
    552 0.59
    550 3.94
    550 10.78
    549 9.26
    547 11.1
    546 7.82
    544 8.6
    541 10.05
    538 7.74
    534 10.85
    531 11.98
    528 2.84
    526 10.88
    524 0.62
    521 2.53
    521 10.95
    517 7.89
    511 8.32
    509 18.4
    508 9.75
    504 16.59
    504 10.15
    502 10.68
    501 9.73
    500 0.64
    490 9.7
    487 9.1
    481 9.56
    479 6.28
    467 10.25
    465 9.66
    465 9.46
    463 0.03
    458 10.23
    450 0.69
    449 8.04
    449 11.45
    443 7.1
    443 14.95
    441 2.63
    437 1.72
    435 10.2
    433 8.19
    433 0.74
    428 5.83
    428 11.23
    428 0.72
    421 11.36
    420 5.98
    420 3.11
    418 4.24
    408 10.7
    407 6.18
    407 11.6
    406 2.68
    406 2.1
    405 0.56
    399 10.73
    395 8.82
    392 11.38
    391 8.34
    389 11.58
    388 5.88
    388 11.35
    385 1.65
    385 10.16
    378 3.02
    377 7.3
    374 10.06
    371 4.47
    369 2.73
    368 14.0
    365 9.76
    361 11.2
    359 12.65
    358 3.38
    350 11.68
    349 8.64
    348 9.96
    347 0.82
    345 8.49
    345 3.29
    343 12.1
    339 9.23
    339 0.15
    337 8.8
    334 2.02
    334 11.86
    332 7.8
    332 10.26
    329 12.46
    328 13.2
    328 12.36
    327 3.03
    326 7.4
    326 11.15
    326 10.65
    324 14.7
    324 13.05
    323 11.18
    321 1.35
    320 0.66
    318 19.78
    316 16.55
    316 11.28
    314 25.0
    314 12.45
    313 12.56
    311 8.9
    310 5.78
    310 2.78
    309 12.73
    308 12.58
    306 0.79
    303 10.46
    302 4.62
    302 1.22
    302 1.02
    301 8.79
    299 6.33
    293 8.73
    292 9.89
    292 8.5
    290 12.21
    290 0.11
    289 12.48
    289 10.75
    288 8.94
    288 10.66
    286 13.66
    284 0.88
    281 2.98
    281 0.76
    280 10.76
    277 9.09
    277 13.56
    276 9.32
    272 5.68
    270 5.53
    268 4.77
    266 0.99
    261 4.92
    260 12.86
    260 0.86
    258 9.24
    257 2.01
    255 13.86
    254 13.1
    253 15.86
    252 5.48
    252 13.76
    252 12.6
    252 0.84
    251 11.16
    249 3.88
    245 8.84
    245 4.54
    245 11.46
    241 30.0
    241 12.23
    240 11.85
    239 12.08
    238 9.82
    238 11.65
    237 6.83
    236 12.2
    235 5.18
    233 10.96
    231 12.35
    229 4.98
    229 1.34
    229 11.73
    228 13.48
    227 11.7
    222 1.15
    221 6.6
    220 9.39
    220 1.21
    219 4.88
    216 1.99
    215 3.74
    215 3.47
    214 4.28
    213 0.04
    212 6.59
    212 4.19
    212 17.68
    212 12.88
    212 0.89
    211 5.28
    211 2.09
    210 1.45
    210 12.98
    209 9.8
    209 13.36
    206 9.54
    206 13.45
    205 3.28
    204 5.38
    204 11.88
    203 12.85
    202 9.84
    201 9.69
    201 10.32
    199 8.4
    199 12.05
    199 11.26
    198 3.92
    198 3.6
    198 13.96
    197 1.46
    197 12.96
    197 11.66
    196 12.7
    196 0.94
    195 14.16
    195 0.25
    194 1.27
    193 10.8
    189 8.23
    188 12.95
    188 0.55
    185 8.1
    185 16.0
    185 13.6
    184 9.99
    184 1.04
    182 11.25
    179 3.4
    179 13.26
    179 12.66
    178 1.14
    177 5.07
    177 14.06
    177 0.09
    176 12.06
    176 10.14
    176 0.57
    176 0.3
    175 7.33
    175 4.84
    175 10.82
    175 0.85
    174 4.78
    172 18.0
    172 1.56
    172 1.19
    170 10.29
    168 12.76
    168 11.56
    168 1.06
    166 0.92
    165 4.68
    165 1.79
    164 12.16
    164 10.4
    163 9.5
    163 10.44
    162 2.69
    160 5.54
    160 2.77
    160 14.36
    160 14.08
    159 11.55
    158 9.4
    158 15.85
    157 11.76
    154 5.22
    154 15.06
    153 1.26
    153 12.18
    152 12.15
    150 13.85
    150 0.67
    149 1.57
    149 1.09
    149 0.22
    148 4.48
    147 5.09
    147 15.26
    147 13.7
    147 1.01
    147 0.77
    146 5.99
    146 16.32
    146 1.49
    145 5.39
    145 10.89
    144 12.3
    144 11.32
    143 5.61
    143 14.66
    143 13.95
    142 4.01
    142 12.26
    140 4.64
    140 3.13
    140 19.75
    139 1.51
    138 5.69
    138 13.78
    137 5.84
    137 5.52
    136 13.35
    135 13.23
    134 15.16
    134 14.9
    134 14.45
    134 13.98
    134 12.13
    134 10.59
    133 14.23
    132 5.24
    132 15.58
    131 9.9
    131 12.4
    131 0.95
    130 5.31
    130 12.5
    129 1.41
    128 9.3
    128 5.91
    128 3.18
    128 14.26
    128 0.06
    127 5.89
    127 14.05
    127 11.83
    126 1.89
    126 14.56
    126 11.53
    126 10.3
    125 4.18
    125 12.78
    125 0.78
    125 0.6
    124 14.86
    124 13.25
    123 17.94
    123 17.0
    123 14.46
    122 5.14
    122 13.65
    122 13.08
    121 15.56
    121 12.38
    121 11.82
    120 4.38
    120 3.07
    120 22.0
    119 1.44
    119 10.9
    118 5.37
    118 40.0
    117 7.83
    116 5.44
    116 16.56
    116 14.98
    115 3.1
    115 1.52
    115 14.2
    115 11.8
    114 17.16
    114 12.55
    114 10.74
    113 13.46
    113 0.96
    112 1.69
    112 12.43
    112 11.04
    111 50.0
    111 16.16
    111 14.1
    111 0.12
    110 2.62
    110 15.05
    109 6.44
    109 3.78
    108 8.07
    108 6.21
    108 13.33
    107 6.29
    107 4.99
    107 14.76
    107 13.58
    106 3.23
    106 2.29
    106 14.38
    106 13.55
    106 1.05
    106 0.4
    105 16.06
    105 15.66
    105 11.3
    104 13.73
    103 17.65
    103 1.29
    103 0.07
    102 15.96
    102 15.55
    102 10.63
    102 0.58
    101 4.94
    101 11.5
    100 7.6
    100 5.01
    100 4.73
    100 16.36
    100 16.26
     99 6.74
     99 3.48
     97 1.81
     97 16.86
     97 14.35
     96 3.22
     96 11.19
     95 3.43
     95 15.7
     95 11.34
     94 15.76
     94 11.11
     92 15.46
     92 13.63
     92 10.93
     92 0.83
     91 13.03
     91 11.64
     90 7.73
     90 4.37
     90 17.06
     90 15.1
     90 14.96
     90 14.15
     90 13.93
     89 14.48
     89 0.18
     88 6.81
     88 2.51
     88 16.66
     87 7.11
     87 3.98
     87 3.79
     87 3.68
     87 1.07
     87 10.33
     86 7.23
     86 3.59
     86 15.8
     86 13.75
     86 11.49
     86 10.03
     85 8.97
     85 6.51
     85 12.32
     84 4.79
     84 2.11
     84 17.08
     84 1.59
     83 6.1
     83 17.66
     83 14.68
     82 3.89
     82 17.86
     82 16.95
     82 15.95
     82 12.84
     81 3.19
     81 16.25
     81 12.09
     81 11.79
     80 2.92
     80 1.37
     80 13.3
     80 12.8
     80 11.9
     80 1.16
     79 6.12
     79 15.2
     79 14.6
     79 13.32
     79 0.97
     78 8.57
     78 5.67
     78 14.25
     77 17.46
     77 14.55
     77 11.94
     77 0.65
     76 7.37
     76 17.45
     76 17.05
     76 0.87
     75 17.56
     75 16.96
     75 14.28
     75 13.28
     74 18.16
     74 16.76
     74 16.46
     74 13.9
     74 12.24
     73 7.92
     73 17.76
     73 15.84
     72 4.91
     72 13.5
     71 4.13
     71 3.63
     71 1.74
     71 16.3
     70 4.04
     70 3.53
     70 1.97
     70 17.2
     70 1.17
     69 6.89
     69 17.36
     68 5.97
     68 3.9
     68 2.99
     68 15.45
     68 14.88
     68 14.65
     68 1.39
     67 7.19
     67 16.05
     67 14.53
     67 12.99
     66 5.74
     66 13.24
     65 16.2
     65 16.15
     65 15.88
     65 12.39
     64 6.42
     64 3.49
     64 18.45
     64 15.08
     63 15.15
     62 4.49
     61 7.41
     61 18.56
     61 15.25
     61 13.11
     61 12.54
     61 11.4
     60 6.04
     60 17.9
     60 14.32
     60 12.82
     59 7.04
     59 6.64
     59 35.0
     59 18.36
     59 17.96
     59 12.69
     58 19.16
     58 17.26
     58 15.28
     58 14.85
     58 14.78
     57 7.77
     57 6.73
     57 4.6
     57 4.39
     57 13.74
     57 13.4
     56 8.61
     56 3.44
     56 3.37
     56 18.46
     56 16.7
     56 14.3
     56 13.68
     55 6.34
     55 19.06
     55 19.0
     55 18.06
     55 12.75
     54 3.81
     54 20.06
     54 18.95
     54 17.15
     54 13.51
     53 9.07
     53 2.61
     53 17.95
     52 5.29
     52 5.27
     52 3.52
     52 18.05
     52 16.85
     52 15.5
     52 15.43
     52 0.33
     51 4.34
     51 2.42
     51 16.75
     51 14.58
     51 12.34
     51 10.01
     50 7.34
     50 16.35
     50 15.73
     50 15.48
     49 9.51
     49 6.72
     49 5.72
     49 17.7
     49 17.25
     49 14.83
     49 14.8
     48 9.43
     48 8.52
     48 7.71
     48 18.76
     48 18.66
     48 17.55
     48 0.21
     47 9.57
     47 15.65
     47 10.5
     47 10.07
     46 8.83
     46 7.62
     46 2.31
     46 19.36
     46 19.03
     46 13.89
     46 0.28
     45 7.64
     45 17.32
     45 15.6
     45 13.14
     45 12.9
     45 0.13
     44 5.1
     44 4.22
     44 3.01
     44 18.26
     44 17.35
     44 16.18
     44 15.13
     44 14.75
     44 13.38
     43 8.01
     43 4.9
     43 19.26
     43 18.2
     43 1.82
     43 10.61
     42 8.11
     42 7.61
     42 6.27
     42 5.4
     42 4.09
     42 20.16
     42 18.86
     42 16.78
     42 13.59
     42 13.44
     42 11.71
     42 0.71
     42 0.14
     41 7.02
     41 3.71
     41 19.59
     41 19.56
     41 14.5
     41 11.87
     41 0.23
     40 3.73
     40 20.08
     40 18.15
     40 17.58
     40 16.6
     40 15.75
     40 15.4
     40 100.0
     40 0.17
     39 7.9
     39 7.79
     39 6.57
     39 6.23
     39 4.71
     39 45.0
     39 3.62
     39 2.89
     39 19.66
     39 17.75
     39 16.65
     39 15.82
     39 13.88
     39 13.29
     38 8.09
     38 7.52
     38 6.4
     38 5.73
     38 4.69
     38 2.59
     38 19.55
     38 18.96
     38 17.98
     38 14.19
     37 8.31
     37 6.02
     37 5.63
     37 2.72
     37 19.95
     37 19.74
     37 18.7
     37 18.32
     37 17.85
     37 16.88
     37 16.82
     37 16.8
     37 16.08
     37 15.32
     37 14.82
     36 2.71
     36 18.55
     36 16.58
     36 16.03
     36 14.64
     36 14.04
     35 8.12
     35 7.91
     35 6.87
     35 3.93
     35 23.0
     35 21.45
     35 20.8
     35 18.82
     35 18.58
     35 0.81
     35 0.61
     34 7.49
     34 4.03
     34 2.27
     34 19.2
     34 16.1
     33 9.13
     33 8.22
     33 3.17
     33 20.56
     33 20.2
     33 19.86
     33 19.46
     33 11.07
     32 9.12
     32 8.72
     32 60.0
     32 5.23
     32 2.04
     32 19.15
     32 19.05
     32 15.23
     31 4.12
     31 21.0
     31 20.82
     31 20.26
     31 17.82
     31 17.3
     31 17.19
     31 15.18
     31 14.49
     31 0.45
     30 6.92
     30 6.62
     30 5.92
     30 18.88
     30 18.75
     30 17.8
     30 15.98
     30 13.34
     30 12.44
     29 8.53
     29 8.42
     29 6.52
     29 3.14
     29 2.91
     29 22.06
     29 2.19
     29 21.06
     29 20.05
     29 19.45
     29 18.84
     29 18.65
     29 18.35
     29 18.25
     29 18.08
     29 17.23
     29 16.4
     29 16.14
     29 10.02
     29 0.35
     28 6.94
     28 28.0
     28 21.16
     28 19.7
     28 19.48
     28 19.25
     28 16.98
     28 14.4
     28 14.34
     28 0.41
     27 7.94
     27 6.9
     27 6.11
     27 5.81
     27 4.72
     27 4.41
     27 33.0
     27 2.24
     27 21.05
     27 19.76
     27 16.63
     27 15.3
     27 14.94
     26 9.52
     26 8.24
     26 8.02
     26 6.19
     26 55.0
     26 4.11
     26 3.51
     26 19.85
     26 18.5
     26 1.71
     26 15.09
     26 10.11
     25 7.72
     25 7.12
     25 5.57
     25 21.95
     25 20.45
     25 19.82
     25 19.65
     25 16.9
     25 16.74
     25 16.38
     25 13.83
     24 27.0
     24 20.3
     24 18.8
     24 15.9
     24 15.68
     24 10.57
     23 8.62
     23 7.42
     23 7.24
     23 6.22
     23 5.12
     23 4.23
     23 3.67
     23 2.47
     23 24.05
     23 21.82
     23 20.58
     23 20.15
     23 19.32
     23 19.08
     23 15.54
     23 15.39
     23 15.24
     23 15.01
     23 10.52
     23 0.44
     22 9.62
     22 7.47
     22 7.22
     22 7.01
     22 6.53
     22 2.81
     22 26.0
     22 21.7
     22 20.76
     22 20.66
     22 20.55
     22 19.96
     22 16.93
     22 12.12
     21 9.42
     21 8.81
     21 8.54
     21 8.51
     21 70.0
     21 6.47
     21 5.59
     21 4.52
     21 23.06
     21 22.16
     21 21.32
     21 20.86
     21 17.18
     21 16.5
     21 14.79
     21 1.31
     21 12.57
     20 9.71
     20 9.02
     20 7.63
     20 7.21
     20 6.61
     20 4.43
     20 4.42
     20 3.61
     20 3.41
     20 23.45
     20 22.7
     20 22.58
     20 22.32
     20 22.2
     20 2.17
     20 21.58
     20 20.7
     20 20.36
     20 19.9
     20 18.48
     20 18.3
     20 17.04
     20 16.23
     20 13.27
     20 11.57
     20 0.91
     20 0.26
     20 0.24
     19 9.83
     19 9.22
     19 9.11
     19 8.69
     19 7.81
     19 6.17
     19 32.0
     19 24.06
     19 22.15
     19 21.3
     19 20.95
     19 20.49
     19 19.58
     19 18.85
     19 17.83
     19 17.48
     19 17.34
     19 17.1
     19 15.99
     19 15.78
     19 15.69
     19 0.19
     18 8.71
     18 7.93
     18 4.07
     18 3.21
     18 24.16
     18 23.08
     18 22.76
     18 20.25
     18 19.8
     18 19.18
     18 1.91
     18 18.28
     18 17.38
     18 16.89
     18 16.28
     18 10.62
     18 0.47
     18 0.37
     17 9.01
     17 8.91
     17 8.37
     17 8.33
     17 8.21
     17 80.0
     17 7.51
     17 6.49
     17 2.54
     17 24.0
     17 23.32
     17 22.66
     17 21.86
     17 21.76
     17 21.24
     17 20.98
     17 20.64
     17 20.32
     17 19.6
     17 18.1
     17 17.53
     17 17.49
     17 17.4
     17 16.73
     17 16.68
     17 16.33
     17 14.41
     17 14.18
     17 0.51
     17 0.43
     17 0.31
     16 9.92
     16 9.81
     16 8.92
     16 7.07
     16 6.71
     16 5.62
     16 5.13
     16 5.02
     16 4.81
     16 4.53
     16 44.0
     16 20.96
     16 20.75
     16 17.88
     16 17.6
     16 16.44
     16 1.64
     16 15.38
     16 13.84
     16 13.01
     16 0.38
     16 0.27
     16 0.16
     15 9.44
     15 8.99
     15 8.44
     15 8.39
     15 75.0
     15 5.93
     15 5.77
     15 5.41
     15 4.31
     15 30.06
     15 25.7
     15 24.08
     15 22.82
     15 22.8
     15 21.66
     15 21.26
     15 21.15
     15 21.08
     15 20.9
     15 20.65
     15 20.34
     15 19.1
     15 18.73
     15 18.39
     15 18.09
     15 17.5
     15 16.29
     15 150.0
     15 12.94
     15 11.01
     15 0.68
     15 0.29
     14 6.91
     14 4.93
     14 4.63
     14 4.61
     14 40.06
     14 38.0
     14 3.77
     14 24.58
     14 23.95
     14 23.16
     14 22.22
     14 21.8
     14 21.4
     14 21.36
     14 21.25
     14 20.04
     14 19.89
     14 19.35
     14 18.99
     14 18.6
     14 18.18
     14 12.22
     14 0.46
     14 0.32
     13 9.72
     13 7.17
     13 5.11
     13 5.03
     13 29.0
     13 23.58
     13 23.4
     13 22.59
     13 22.56
     13 22.5
     13 21.65
     13 21.46
     13 20.85
     13 20.02
     13 19.4
     13 18.9
     13 18.54
     13 17.64
     13 17.22
     13 13.07
     13 12.61
     13 11.21
     13 11.12
     13 11.02
     13 0.42
     12 8.41
     12 7.84
     12 6.41
     12 6.01
     12 5.42
     12 3.97
     12 37.0
     12 25.8
     12 24.76
     12 24.2
     12 23.98
     12 23.15
     12 22.74
     12 22.45
     12 22.26
     12 21.48
     12 20.88
     12 20.79
     12 1.87
     12 17.73
     12 17.28
     12 13.57
     12 12.72
     12 12.02
     12 11.97
     12 11.14
     12 0.34
     11 9.61
     11 9.33
     11 90.0
     11 8.74
     11 8.63
     11 7.99
     11 65.0
     11 6.43
     11 3.91
     11 3.31
     11 26.05
     11 25.45
     11 25.08
     11 24.45
     11 2.41
     11 23.65
     11 23.3
     11 22.9
     11 22.86
     11 22.55
     11 21.75
     11 21.09
     11 20.5
     11 20.48
     11 18.12
     11 18.01
     11 17.57
     11 17.24
     11 16.39
     11 13.17
     11 13.12
     11 12.81
     11 12.41
     11 12.11
     11 12.07
     11 11.51
     11 10.22
     11 0.39
     10 9.87
     10 7.69
     10 7.54
     10 7.31
     10 7.03
     10 5.51
     10 5.43
     10 30.56
     10 30.05
     10 28.06
     10 28.05
     10 26.45
     10 25.25
     10 25.2
     10 24.7
     10 24.66
     10 23.88
     10 23.2
     10 22.36
     10 21.55
     10 21.54
     10 21.2
     10 20.68
     10 20.46
     10 19.44
     10 19.3
     10 18.69
     10 17.79
     10 17.78
     10 17.52
     10 15.62
     10 13.22
     10 12.52
     10 12.42
     10 11.22
     10 10.84
     10 10.81
     10 10.12
      9 9.64
      9 9.31
      9 9.04
      9 9.03
      9 8.67
      9 8.14
      9 6.79
      9 6.07
      9 52.0
      9 4.67
      9 4.21
      9 42.0
      9 31.06
      9 2.87
      9 26.19
      9 26.16
      9 26.06
      9 25.55
      9 24.9
      9 24.32
      9 24.26
      9 23.76
      9 23.26
      9 23.1
      9 22.14
      9 22.05
      9 21.78
      9 20.4
      9 20.35
      9 200.0
      9 19.98
      9 18.98
      9 18.38
      9 18.04
      9 17.42
      9 17.12
      9 17.07
      9 14.57
      9 13.62
      9 11.52
      9 10.92
      9 10.31
      8 9.77
      8 9.14
      8 8.27
      8 7.43
      8 7.13
      8 6.13
      8 4.97
      8 4.51
      8 31.0
      8 27.66
      8 27.58
      8 27.24
      8 25.95
      8 25.06
      8 24.99
      8 24.38
      8 23.94
      8 23.48
      8 22.65
      8 22.48
      8 22.18
      8 22.1
      8 22.08
      8 21.99
      8 21.9
      8 21.5
      8 21.38
      8 20.94
      8 20.78
      8 20.6
      8 20.23
      8 20.1
      8 19.5
      8 19.38
      8 18.24
      8 18.13
      8 16.57
      8 16.24
      8 16.11
      8 15.74
      8 15.51
      8 15.04
      8 14.81
      8 14.07
      8 13.81
      8 13.02
      8 12.92
      8 11.61
      8 11.42
      8 11.41
      8 10.83
      8 10.77
      8 10.24
      8 0.53
      7 9.41
      7 9.27
      7 9.17
      7 6.63
      7 5.71
      7 4.27
      7 34.0
      7 32.66
      7 32.06
      7 30.88
      7 30.08
      7 28.8
      7 28.2
      7 27.95
      7 27.84
      7 27.7
      7 27.35
      7 26.7
      7 26.3
      7 26.15
      7 25.28
      7 24.68
      7 24.65
      7 24.55
      7 24.54
      7 24.24
      7 24.09
      7 23.9
      7 23.82
      7 23.79
      7 23.7
      7 23.55
      7 23.36
      7 23.25
      7 22.98
      7 22.95
      7 22.85
      7 22.29
      7 21.96
      7 21.73
      7 21.56
      7 21.35
      7 21.28
      7 20.19
      7 20.09
      7 20.01
      7 19.88
      7 19.28
      7 18.52
      7 17.71
      7 17.02
      7 16.61
      7 16.52
      7 16.42
      7 16.22
      7 16.12
      7 15.72
      7 15.57
      7 15.42
      7 15.37
      7 15.12
      7 14.74
      7 14.62
      7 14.61
      7 14.51
      7 13.79
      7 13.72
      7 13.71
      7 13.31
      7 13.21
      7 13.13
      7 12.71
      7 12.51
      7 11.33
      7 10.54
      7 10.51
      7 10.41
      7 10.17
      6 9.91
      6 9.53
      6 8.43
      6 8.29
      6 6.31
      6 5.21
      6 43.0
      6 34.05
      6 33.76
      6 30.03
      6 27.86
      6 27.51
      6 27.46
      6 27.45
      6 27.16
      6 27.06
      6 27.05
      6 26.96
      6 26.68
      6 26.08
      6 25.76
      6 25.58
      6 25.48
      6 25.16
      6 25.1
      6 25.05
      6 24.88
      6 24.82
      6 24.8
      6 24.4
      6 24.36
      6 24.35
      6 24.3
      6 24.28
      6 24.18
      6 24.15
      6 23.96
      6 23.85
      6 23.38
      6 23.35
      6 23.23
      6 23.19
      6 23.05
      6 22.6
      6 22.46
      6 22.3
      6 21.85
      6 21.84
      6 21.69
      6 21.6
      6 21.1
      6 21.02
      6 20.83
      6 20.73
      6 20.52
      6 20.38
      6 20.28
      6 19.87
      6 19.64
      6 19.63
      6 19.62
      6 19.33
      6 19.14
      6 18.78
      6 18.71
      6 16.84
      6 1.61
      6 16.07
      6 15.53
      6 15.41
      6 15.11
      6 14.47
      6 14.14
      6 14.12
      6 13.91
      6 13.61
      6 13.53
      6 12.93
      6 12.91
      6 12.31
      6 12.27
      6 12.04
      6 12.01
      6 120.0
      6 11.91
      6 11.72
      6 11.39
      6 10.72
      6 0.48
      5 9.93
      5 9.74
      5 9.59
      5 88.0
      5 62.0
      5 61.42
      5 61.0
      5 54.0
      5 53.0
      5 51.0
      5 50.05
      5 49.0
      5 41.0
      5 35.78
      5 32.58
      5 31.16
      5 30.8
      5 30.3
      5 30.16
      5 29.98
      5 29.86
      5 29.76
      5 29.7
      5 29.64
      5 29.3
      5 28.76
      5 28.68
      5 28.56
      5 28.25
      5 27.8
      5 27.61
      5 27.48
      5 27.41
      5 27.15
      5 26.6
      5 26.49
      5 26.34
      5 26.32
      5 26.25
      5 25.88
      5 25.85
      5 25.75
      5 25.74
      5 25.5
      5 25.38
      5 25.36
      5 25.3
      5 25.15
      5 25.14
      5 24.85
      5 24.78
      5 24.57
      5 24.56
      5 24.39
      5 24.1
      5 23.78
      5 23.66
      5 23.64
      5 23.56
      5 23.34
      5 23.04
      5 22.68
      5 22.44
      5 22.4
      5 22.25
      5 22.23
      5 21.98
      5 21.39
      5 21.12
      5 19.71
      5 19.29
      5 19.23
      5 19.22
      5 19.12
      5 18.51
      5 18.42
      5 18.41
      5 18.23
      5 18.07
      5 18.02
      5 17.81
      5 17.29
      5 16.71
      5 16.34
      5 15.94
      5 15.93
      5 15.61
      5 15.52
      5 15.14
      5 14.97
      5 14.72
      5 14.71
      5 14.17
      5 14.13
      5 14.03
      5 14.01
      5 13.94
      5 13.47
      5 13.42
      5 13.19
      5 12.17
      5 11.13
      5 10.91
      5 10.71
      5 10.64
      5 10.49
      5 10.47
      5 10.21
      5 10.13
      5 10.04
      5 0.73
      5 0.36
      4 99.99
      4 9.94
      4 99.0
      4 9.29
      4 8.59
      4 8.13
      4 8.03
      4 6.93
      4 6.77
      4 66.0
      4 6.03
      4 5.87
      4 58.0
      4 57.0
      4 56.0
      4 55.55
      4 5.17
      4 46.0
      4 4.57
      4 44.06
      4 40.56
      4 39.0
      4 37.55
      4 36.06
      4 36.0
      4 35.88
      4 35.75
      4 35.05
      4 33.88
      4 33.35
      4 33.3
      4 32.28
      4 32.05
      4 31.38
      4 31.35
      4 30.66
      4 30.38
      4 29.28
      4 29.26
      4 29.16
      4 29.01
      4 28.7
      4 28.58
      4 28.55
      4 28.29
      4 28.28
      4 28.1
      4 28.08
      4 27.98
      4 27.76
      4 27.75
      4 27.56
      4 27.5
      4 27.39
      4 27.28
      4 27.2
      4 26.98
      4 26.86
      4 26.79
      4 26.76
      4 26.75
      4 26.61
      4 26.36
      4 26.1
      4 25.89
      4 25.86
      4 25.78
      4 25.6
      4 25.46
      4 25.44
      4 25.4
      4 25.35
      4 25.22
      4 24.96
      4 24.84
      4 23.8
      4 23.46
      4 22.96
      4 22.89
      4 22.78
      4 22.57
      4 22.12
      4 21.88
      4 21.43
      4 21.41
      4 21.22
      4 21.14
      4 21.13
      4 20.57
      4 20.53
      4 20.18
      4 20.11
      4 20.07
      4 19.93
      4 19.92
      4 19.81
      4 19.73
      4 19.72
      4 19.41
      4 19.31
      4 19.04
      4 19.01
      4 18.72
      4 18.61
      4 18.57
      4 18.31
      4 18.14
      4 17.91
      4 17.84
      4 17.74
      4 17.62
      4 17.54
      4 17.44
      4 17.43
      4 17.21
      4 17.01
      4 16.92
      4 16.64
      4 16.54
      4 16.43
      4 16.41
      4 15.92
      4 15.64
      4 15.34
      4 15.22
      4 15.02
      4 14.91
      4 14.33
      4 14.31
      4 14.27
      4 14.21
      4 14.02
      4 13.87
      4 13.64
      4 13.52
      4 13.43
      4 13.37
      4 12.97
      4 12.74
      4 12.63
      4 12.47
      4 11.84
      4 11.81
      4 11.77
      4 11.74
      4 11.67
      4 11.37
      4 11.31
      4 10.53
      4 10.42
      4 10.39
      4 10.34
      4 10.27
      4 10.19
      4 10.09
      3 98.0
      3 94.0
      3 9.34
      3 8.93
      3 88.88
      3 88.8
      3 7.53
      3 72.0
      3 68.0
      3 6.67
      3 63.0
      3 55.06
      3 51.84
      3 50.08
      3 50.06
      3 48.0
      3 45.05
      3 44.8
      3 43.62
      3 43.29
      3 42.16
      3 41.5
      3 40.16
      3 39.7
      3 38.45
      3 38.16
      3 38.06
      3 37.8
      3 37.7
      3 37.38
      3 36.58
      3 36.46
      3 36.05
      3 35.48
      3 35.16
      3 34.16
      3 33.98
      3 33.7
      3 33.52
      3 33.51
      3 33.33
      3 33.26
      3 33.2
      3 33.16
      3 33.08
      3 33.05
      3 32.76
      3 32.6
      3 32.56
      3 32.53
      3 32.3
      3 32.23
      3 32.08
      3 31.96
      3 31.9
      3 31.68
      3 31.36
      3 31.3
      3 31.18
      3 31.05
      3 30.82
      3 30.24
      3 30.23
      3 30.21
      3 30.2
      3 30.18
      3 30.09
      3 30.01
      3 29.56
      3 29.38
      3 29.36
      3 29.35
      3 29.34
      3 29.19
      3 28.95
      3 28.88
      3 28.85
      3 28.82
      3 28.61
      3 28.59
      3 28.51
      3 28.5
      3 28.48
      3 28.35
      3 28.18
      3 28.16
      3 27.88
      3 27.65
      3 27.6
      3 27.4
      3 27.38
      3 27.36
      3 27.32
      3 27.25
      3 27.11
      3 27.1
      3 27.09
      3 27.07
      3 26.82
      3 26.66
      3 26.64
      3 26.57
      3 26.53
      3 26.5
      3 26.48
      3 26.46
      3 26.38
      3 26.35
      3 26.31
      3 26.18
      3 25.82
      3 25.68
      3 25.66
      3 25.65
      3 25.59
      3 25.12
      3 25.02
      3 24.95
      3 24.86
      3 24.72
      3 24.6
      3 24.5
      3 24.48
      3 24.46
      3 24.25
      3 23.92
      3 23.75
      3 23.71
      3 23.61
      3 23.52
      3 23.41
      3 23.18
      3 23.11
      3 23.07
      3 22.88
      3 22.75
      3 22.52
      3 22.34
      3 22.02
      3 21.44
      3 21.23
      3 21.18
      3 20.92
      3 20.51
      3 20.41
      3 20.24
      3 20.22
      3 19.91
      3 19.68
      3 19.67
      3 19.57
      3 19.52
      3 18.97
      3 18.94
      3 18.92
      3 18.91
      3 18.77
      3 18.68
      3 18.64
      3 18.34
      3 18.27
      3 17.92
      3 17.61
      3 17.51
      3 17.41
      3 17.37
      3 17.31
      3 17.14
      3 17.11
      3 16.97
      3 16.94
      3 16.81
      3 16.72
      3 16.51
      3 16.19
      3 16.04
      3 16.02
      3 16.01
      3 15.91
      3 15.83
      3 15.81
      3 15.79
      3 15.44
      3 15.31
      3 15.21
      3 15.07
      3 14.93
      3 14.84
      3 14.43
      3 14.42
      3 14.37
      3 13.77
      3 13.67
      3 13.39
      3 12.83
      3 12.64
      3 12.19
      3 12.14
      3 12.03
      3 11.99
      3 11.44
      3 10.79
      3 105.0
      3 0.63
      2 9.63
      2 93.0
      2 9.19
      2 91.0
      2 90.99
      2 90.09
      2 8.89
      2 8.87
      2 85.0
      2 8.47
      2 82.7
      2 82.0
      2 7.97
      2 79.0
      2 7.67
      2 7.57
      2 7.39
      2 72.06
      2 71.38
      2 71.0
      2 67.0
      2 66.7
      2 66.3
      2 64.95
      2 64.0
      2 6.37
      2 60.85
      2 60.16
      2 60.08
      2 60.06
      2 60.05
      2 58.88
      2 58.8
      2 58.16
      2 55.5
      2 55.05
      2 55.01
      2 5.47
      2 54.06
      2 53.5
      2 52.5
      2 51.78
      2 51.25
      2 50.98
      2 50.8
      2 50.2
      2 50.16
      2 48.48
      2 48.25
      2 48.06
      2 48.05
      2 47.56
      2 47.49
      2 47.08
      2 47.0
      2 46.48
      2 46.08
      2 46.05
      2 45.88
      2 45.82
      2 45.66
      2 45.61
      2 45.1
      2 45.06
      2 44.49
      2 44.45
      2 43.7
      2 43.66
      2 43.16
      2 43.06
      2 42.98
      2 42.66
      2 41.8
      2 41.78
      2 41.46
      2 41.38
      2 40.7
      2 40.35
      2 40.3
      2 40.26
      2 40.2
      2 40.08
      2 400.0
      2 39.99
      2 39.96
      2 39.88
      2 39.71
      2 39.4
      2 39.25
      2 39.16
      2 39.06
      2 38.86
      2 38.58
      2 38.1
      2 37.78
      2 37.58
      2 37.44
      2 37.12
      2 36.96
      2 36.84
      2 36.7
      2 36.61
      2 36.56
      2 36.52
      2 36.5
      2 36.45
      2 36.38
      2 36.36
      2 36.28
      2 36.25
      2 36.16
      2 36.09
      2 35.96
      2 35.66
      2 35.64
      2 35.58
      2 35.45
      2 35.38
      2 35.3
      2 35.2
      2 35.08
      2 34.76
      2 34.64
      2 34.56
      2 34.28
      2 34.25
      2 34.14
      2 34.09
      2 34.08
      2 34.06
      2 33.96
      2 33.66
      2 33.5
      2 33.48
      2 33.45
      2 33.44
      2 33.43
      2 33.28
      2 33.25
      2 33.22
      2 32.95
      2 32.8
      2 32.79
      2 32.73
      2 32.61
      2 32.55
      2 32.51
      2 32.36
      2 32.26
      2 32.16
      2 31.95
      2 31.82
      2 31.75
      2 31.66
      2 31.65
      2 31.61
      2 31.6
      2 31.48
      2 31.31
      2 31.29
      2 31.2
      2 31.15
      2 30.85
      2 30.84
      2 30.69
      2 30.46
      2 30.36
      2 30.32
      2 30.1
      2 300.0
      2 29.94
      2 29.91
      2 29.88
      2 29.85
      2 29.78
      2 29.71
      2 29.68
      2 29.58
      2 29.45
      2 29.08
      2 29.06
      2 28.86
      2 28.38
      2 28.32
      2 28.31
      2 28.3
      2 28.14
      2 28.11
      2 28.01
      2 27.96
      2 27.9
      2 27.82
      2 27.81
      2 27.78
      2 27.73
      2 27.69
      2 27.54
      2 27.52
      2 27.3
      2 27.18
      2 27.01
      2 26.94
      2 26.9
      2 26.81
      2 26.8
      2 26.78
      2 26.71
      2 26.55
      2 26.41
      2 26.28
      2 26.26
      2 26.23
      2 26.2
      2 26.04
      2 25.32
      2 25.29
      2 25.26
      2 24.98
      2 24.73
      2 24.04
      2 24.03
      2 24.02
      2 24.01
      2 23.86
      2 23.83
      2 23.68
      2 23.6
      2 23.53
      2 23.5
      2 23.49
      2 23.42
      2 23.24
      2 23.14
      2 23.02
      2 22.97
      2 22.94
      2 22.81
      2 22.72
      2 22.71
      2 22.64
      2 22.63
      2 22.53
      2 22.51
      2 22.47
      2 22.38
      2 22.35
      2 22.33
      2 22.28
      2 22.19
      2 22.11
      2 22.07
      2 22.03
      2 220.0
      2 21.74
      2 21.72
      2 21.71
      2 21.68
      2 21.62
      2 21.61
      2 21.57
      2 21.52
      2 21.42
      2 21.37
      2 21.21
      2 21.19
      2 21.11
      2 21.07
      2 21.04
      2 20.91
      2 20.72
      2 20.61
      2 20.54
      2 20.42
      2 20.27
      2 20.17
      2 20.03
      2 19.94
      2 19.84
      2 19.54
      2 19.53
      2 19.21
      2 18.93
      2 18.87
      2 18.81
      2 18.79
      2 18.74
      2 18.67
      2 18.44
      2 18.22
      2 18.11
      2 18.03
      2 17.87
      2 17.77
      2 17.72
      2 17.69
      2 17.17
      2 17.13
      2 16.83
      2 16.77
      2 16.53
      2 16.37
      2 16.17
      2 16.13
      2 16.09
      2 15.77
      2 15.71
      2 15.59
      2 155.0
      2 15.49
      2 15.33
      2 14.92
      2 14.87
      2 14.67
      2 14.63
      2 14.52
      2 14.22
      2 14.09
      2 13.92
      2 13.09
      2 130.0
      2 12.87
      2 12.77
      2 12.67
      2 12.59
      2 12.53
      2 12.49
      2 12.33
      2 12.29
      2 11.92
      2 11.89
      2 11.59
      2 11.54
      2 115.0
      2 11.27
      2 112.5
      2 111.5
      2 110.88
      2 110.0
      2 10.97
      2 10.69
      2 10.67
      1 tip_amount
      1 9.97
      1 98.98
      1 98.88
      1 9.79
      1 97.0
      1 96.73
      1 96.09
      1 96.0
      1 95.08
      1 95.0
      1 9.49
      1 94.29
      1 94.2
      1 92.86
      1 92.58
      1 92.54
      1 91.15
      1 90.88
      1 90.84
      1 89.99
      1 89.4
      1 89.0
      1 88.08
      1 87.7
      1 87.0
      1 86.0
      1 85.41
      1 85.4
      1 85.23
      1 84.23
      1 83.7
      1 83.0
      1 82.74
      1 82.56
      1 82.2
      1 81.1
      1 81.08
      1 81.0
      1 80.8
      1 80.76
      1 80.1
      1 79.6
      1 79.5
      1 79.46
      1 79.05
      1 78.41
      1 78.26
      1 78.09
      1 77.77
      1 77.5
      1 76.76
      1 76.68
      1 76.56
      1 76.24
      1 76.0
      1 75.95
      1 75.88
      1 75.75
      1 75.24
      1 75.09
      1 74.7
      1 74.62
      1 74.12
      1 74.0
      1 73.92
      1 73.08
      1 73.06
      1 7.27
      1 72.5
      1 72.2
      1 72.19
      1 72.14
      1 71.8
      1 71.79
      1 71.5
      1 71.42
      1 71.4
      1 71.01
      1 7.09
      1 70.26
      1 70.16
      1 70.06
      1 70.05
      1 68.82
      1 68.49
      1 68.4
      1 68.21
      1 67.42
      1 67.4
      1 66.95
      1 66.86
      1 66.67
      1 66.63
      1 65.58
      1 65.31
      1 65.11
      1 64.91
      1 64.3
      1 64.23
      1 64.06
      1 63.59
      1 63.45
      1 63.31
      1 63.26
      1 63.16
      1 62.99
      1 62.7
      1 62.55
      1 61.94
      1 61.64
      1 61.6
      1 61.5
      1 61.27
      1 61.25
      1 61.2
      1 61.11
      1 60.91
      1 60.66
      1 60.61
      1 60.6
      1 60.43
      1 60.42
      1 60.24
      1 60.23
      1 60.22
      1 60.09
      1 60.07
      1 59.96
      1 59.8
      1 59.65
      1 58.95
      1 58.92
      1 58.79
      1 58.78
      1 58.74
      1 58.63
      1 58.49
      1 58.4
      1 58.21
      1 58.12
      1 58.02
      1 57.89
      1 57.73
      1 57.71
      1 57.67
      1 57.66
      1 57.57
      1 57.16
      1 56.98
      1 56.97
      1 56.94
      1 56.92
      1 56.83
      1 56.8
      1 56.76
      1 56.73
      1 56.7
      1 56.56
      1 56.55
      1 56.43
      1 56.4
      1 56.25
      1 56.16
      1 56.06
      1 55.9
      1 55.89
      1 55.88
      1 55.86
      1 55.7
      1 55.58
      1 55.46
      1 55.44
      1 55.3
      1 55.28
      1 55.22
      1 55.16
      1 54.95
      1 54.9
      1 54.5
      1 54.48
      1 54.46
      1 54.3
      1 54.29
      1 54.26
      1 54.24
      1 54.09
      1 53.92
      1 53.75
      1 53.73
      1 53.38
      1 53.34
      1 53.08
      1 52.85
      1 52.8
      1 52.7
      1 52.66
      1 52.55
      1 52.36
      1 52.32
      1 52.25
      1 52.23
      1 52.15
      1 52.06
      1 51.93
      1 51.91
      1 51.88
      1 51.62
      1 51.61
      1 51.58
      1 51.56
      1 51.35
      1 51.32
      1 51.3
      1 51.24
      1 51.1
      1 51.05
      1 51.01
      1 50.96
      1 50.85
      1 50.68
      1 50.49
      1 50.04
      1 500.0
      1 49.9
      1 49.7
      1 49.69
      1 49.5
      1 49.42
      1 49.4
      1 49.38
      1 49.3
      1 49.16
      1 49.1
      1 49.05
      1 48.99
      1 48.98
      1 48.85
      1 48.75
      1 48.7
      1 48.66
      1 48.56
      1 48.46
      1 484.0
      1 48.18
      1 48.08
      1 47.92
      1 47.84
      1 47.83
      1 47.76
      1 47.58
      1 47.48
      1 47.46
      1 47.2
      1 47.16
      1 47.1
      1 46.95
      1 46.93
      1 46.89
      1 46.76
      1 46.6
      1 46.56
      1 46.46
      1 46.44
      1 46.42
      1 46.38
      1 46.36
      1 46.33
      1 46.31
      1 46.25
      1 46.16
      1 46.1
      1 45.84
      1 45.77
      1 45.76
      1 45.73
      1 45.62
      1 45.54
      1 45.49
      1 45.48
      1 45.42
      1 45.38
      1 45.35
      1 45.28
      1 45.15
      1 44.96
      1 44.86
      1 44.75
      1 44.7
      1 44.65
      1 44.6
      1 44.48
      1 444.76
      1 44.26
      1 44.19
      1 44.16
      1 44.08
      1 44.04
      1 43.92
      1 43.89
      1 43.86
      1 43.85
      1 43.83
      1 43.8
      1 43.79
      1 43.78
      1 43.76
      1 43.65
      1 43.61
      1 43.59
      1 43.58
      1 43.56
      1 43.55
      1 43.45
      1 43.36
      1 43.28
      1 43.26
      1 43.18
      1 43.08
      1 42.99
      1 42.95
      1 42.9
      1 42.86
      1 42.85
      1 42.8
      1 42.74
      1 42.58
      1 42.55
      1 42.51
      1 42.42
      1 42.38
      1 42.36
      1 42.2
      1 42.15
      1 42.11
      1 42.06
      1 42.01
      1 41.95
      1 41.94
      1 41.7
      1 41.55
      1 41.48
      1 41.47
      1 41.45
      1 41.42
      1 41.36
      1 41.34
      1 41.32
      1 41.3
      1 41.28
      1 41.26
      1 41.2
      1 41.16
      1 41.11
      1 41.08
      1 41.06
      1 41.01
      1 40.88
      1 40.86
      1 40.82
      1 40.77
      1 40.74
      1 40.71
      1 40.68
      1 40.66
      1 40.65
      1 40.59
      1 40.53
      1 40.5
      1 40.49
      1 40.4
      1 40.23
      1 40.21
      1 40.14
      1 40.11
      1 40.05
      1 39.91
      1 39.89
      1 39.8
      1 39.76
      1 39.52
      1 39.45
      1 39.38
      1 39.36
      1 39.35
      1 39.26
      1 39.24
      1 39.2
      1 39.18
      1 39.11
      1 39.05
      1 38.99
      1 38.88
      1 38.82
      1 38.78
      1 38.76
      1 38.75
      1 38.72
      1 38.7
      1 38.68
      1 38.63
      1 38.6
      1 38.46
      1 38.43
      1 38.42
      1 38.41
      1 38.32
      1 38.28
      1 38.25
      1 38.2
      1 38.11
      1 38.08
      1 38.05
      1 38.04
      1 37.98
      1 37.88
      1 37.86
      1 37.82
      1 37.76
      1 37.66
      1 37.63
      1 37.54
      1 37.5
      1 37.43
      1 37.36
      1 37.35
      1 37.34
      1 37.3
      1 37.28
      1 37.26
      1 37.25
      1 37.2
      1 37.16
      1 37.15
      1 37.14
      1 37.11
      1 37.08
      1 37.06
      1 37.05
      1 36.98
      1 36.95
      1 36.9
      1 36.85
      1 36.78
      1 36.75
      1 36.73
      1 36.71
      1 36.66
      1 36.65
      1 36.48
      1 36.31
      1 36.3
      1 36.26
      1 36.24
      1 36.21
      1 36.15
      1 36.14
      1 36.11
      1 36.1
      1 36.08
      1 36.01
      1 35.86
      1 35.85
      1 35.83
      1 35.73
      1 35.71
      1 35.61
      1 35.6
      1 35.56
      1 35.55
      1 35.53
      1 35.5
      1 35.41
      1 35.36
      1 35.35
      1 35.34
      1 35.28
      1 35.26
      1 35.25
      1 35.12
      1 35.06
      1 35.01
      1 34.97
      1 34.95
      1 34.94
      1 34.89
      1 34.88
      1 34.86
      1 34.85
      1 34.84
      1 34.82
      1 34.75
      1 34.74
      1 34.73
      1 34.71
      1 34.66
      1 34.58
      1 34.55
      1 34.51
      1 34.48
      1 34.46
      1 34.45
      1 34.4
      1 34.35
      1 34.33
      1 34.29
      1 34.2
      1 34.18
      1 34.15
      1 34.03
      1 34.02
      1 33.95
      1 33.91
      1 33.9
      1 33.84
      1 33.83
      1 33.82
      1 33.8
      1 33.78
      1 33.75
      1 33.69
      1 33.64
      1 33.63
      1 33.55
      1 33.46
      1 33.42
      1 33.39
      1 33.38
      1 33.36
      1 33.34
      1 33.32
      1 33.24
      1 33.17
      1 33.14
      1 33.13
      1 33.09
      1 33.06
      1 33.01
      1 32.98
      1 32.96
      1 32.94
      1 32.92
      1 32.88
      1 32.86
      1 32.85
      1 32.83
      1 32.7
      1 32.68
      1 32.65
      1 32.64
      1 32.54
      1 32.49
      1 32.48
      1 32.45
      1 32.42
      1 32.35
      1 32.32
      1 32.24
      1 32.21
      1 32.2
      1 32.15
      1 32.04
      1 31.93
      1 31.89
      1 31.86
      1 31.85
      1 31.8
      1 31.78
      1 31.76
      1 31.72
      1 31.62
      1 31.58
      1 31.56
      1 31.55
      1 31.51
      1 31.5
      1 31.45
      1 31.41
      1 31.28
      1 31.26
      1 31.25
      1 31.23
      1 31.22
      1 31.14
      1 31.1
      1 31.08
      1 30.99
      1 30.96
      1 30.95
      1 30.89
      1 30.86
      1 30.76
      1 30.75
      1 30.73
      1 30.7
      1 30.65
      1 30.6
      1 30.55
      1 30.5
      1 30.48
      1 30.45
      1 30.39
      1 30.35
      1 30.31
      1 30.28
      1 30.26
      1 30.25
      1 30.15
      1 30.11
      1 30.04
      1 29.82
      1 29.81
      1 29.66
      1 29.65
      1 29.63
      1 29.62
      1 29.61
      1 295.0
      1 29.48
      1 29.46
      1 29.43
      1 29.4
      1 29.37
      1 29.33
      1 29.32
      1 29.27
      1 29.25
      1 29.23
      1 29.22
      1 29.2
      1 29.18
      1 29.15
      1 29.11
      1 29.1
      1 29.07
      1 29.05
      1 29.04
      1 28.98
      1 28.93
      1 28.9
      1 288.69
      1 28.81
      1 28.78
      1 28.74
      1 28.73
      1 28.71
      1 28.65
      1 28.54
      1 28.52
      1 28.46
      1 28.45
      1 28.42
      1 28.41
      1 28.4
      1 28.26
      1 28.22
      1 28.21
      1 28.19
      1 28.17
      1 28.07
      1 28.03
      1 27.99
      1 27.91
      1 27.89
      1 27.83
      1 27.79
      1 27.77
      1 27.68
      1 27.64
      1 27.57
      1 27.53
      1 27.44
      1 27.31
      1 27.26
      1 27.21
      1 27.12
      1 27.08
      1 27.03
      1 26.91
      1 26.88
      1 26.83
      1 26.73
      1 26.72
      1 26.65
      1 26.58
      1 26.56
      1 26.54
      1 26.51
      1 26.42
      1 26.4
      1 26.39
      1 26.33
      1 26.21
      1 26.14
      1 26.13
      1 26.12
      1 26.09
      1 26.02
      1 26.01
      1 25.98
      1 25.93
      1 25.83
      1 25.81
      1 25.77
      1 25.73
      1 25.72
      1 25.64
      1 25.62
      1 25.57
      1 25.56
      1 25.54
      1 25.52
      1 25.51
      1 25.41
      1 25.37
      1 25.34
      1 25.33
      1 25.27
      1 25.23
      1 25.19
      1 25.18
      1 25.13
      1 25.09
      1 25.03
      1 24.93
      1 24.91
      1 24.87
      1 24.81
      1 24.75
      1 24.69
      1 24.64
      1 24.61
      1 245.3
      1 24.51
      1 244.54
      1 24.44
      1 24.42
      1 24.41
      1 24.34
      1 24.33
      1 24.23
      1 24.21
      1 24.13
      1 24.12
      1 24.11
      1 23.89
      1 23.81
      1 23.74
      1 23.72
      1 23.63
      1 23.62
      1 23.57
      1 23.51
      1 235.0
      1 23.39
      1 23.37
      1 23.31
      1 23.29
      1 23.28
      1 23.12
      1 23.09
      1 230.0
      1 22.93
      1 22.92
      1 22.91
      1 22.87
      1 22.83
      1 228.2
      1 22.79
      1 22.73
      1 22.61
      1 22.43
      1 22.41
      1 222.82
      1 22.21
      1 21.94
      1 21.93
      1 21.91
      1 21.87
      1 21.64
      1 216.0
      1 21.59
      1 21.51
      1 21.49
      1 213.15
      1 21.29
      1 21.27
      1 21.17
      1 20.89
      1 208.0
      1 20.74
      1 20.71
      1 20.63
      1 20.62
      1 20.59
      1 20.44
      1 20.43
      1 20.39
      1 20.33
      1 20.31
      1 20.21
      1 202.0
      1 20.12
      1 200.2
      1 19.97
      1 19.83
      1 19.79
      1 19.77
      1 19.51
      1 195.0
      1 19.43
      1 19.42
      1 19.34
      1 19.27
      1 19.19
      1 190.99
      1 19.02
      1 188.88
      1 18.63
      1 18.62
      1 18.59
      1 18.53
      1 18.49
      1 18.37
      1 18.29
      1 18.21
      1 181.96
      1 18.17
      1 180.0
      1 17.97
      1 178.12
      1 17.67
      1 17.59
      1 17.39
      1 17.33
      1 172.0
      1 17.09
      1 17.03
      1 170.0
      1 16.91
      1 16.79
      1 16.69
      1 16.67
      1 16.62
      1 165.0
      1 16.49
      1 16.47
      1 16.31
      1 16.21
      1 159.5
      1 159.0
      1 15.89
      1 15.67
      1 156.3
      1 15.63
      1 15.47
      1 154.0
      1 15.29
      1 15.27
      1 15.03
      1 150.09
      1 14.99
      1 14.89
      1 14.77
      1 14.54
      1 14.39
      1 14.11
      1 13.99
      1 139.0
      1 138.0
      1 13.54
      1 135.0
      1 13.49
      1 13.41
      1 133.0
      1 13.04
      1 128.0
      1 12.79
      1 12.62
      1 125.5
      1 123.0
      1 117.95
      1 11.69
      1 11.62
      1 116.0
      1 115.7
      1 115.55
      1 115.5
      1 115.45
      1 11.47
      1 11.43
      1 114.11
      1 113.73
      1 11.29
      1 11.24
      1 112.19
      1 111.44
      1 11.09
      1 110.46
      1 110.3
      1 11.03
      1 110.11
      1 10.99
      1 10.94
      1 109.01
      1 108.0
      1 105.05
      1 10.43
      1 10.37
      1 101.0
      1 100.04
      1 100.01
